
=== cap atom (strip): h=196.8  feasibility floor T > h*(1/r^2-1): r=0.80 -> 111,  r=0.90 -> 46
     T     r        aug pts (m)      Q1      Q2 drift/efold  max|dc|/c  max|dg|/g
    40  0.80  infeasible (m<=0)
    40  0.90  infeasible (m<=0)
   100  0.80  infeasible (m<=0)
   100  0.90              44,70   0.688   0.644      -0.417   2.81e-03   1.46e-01
   200  0.80             57,121   0.643   0.595      -0.217   8.35e-04   4.98e-02
   200  0.90            125,160   0.600   0.587      -0.125   6.14e-04   3.55e-02
   400  0.80            185,281   0.577   0.566      -0.052   9.59e-05   4.29e-03
   400  0.90            287,340   0.568   0.564      -0.031   7.77e-05   5.46e-03
   600  0.80            313,441   0.564   0.560      -0.018   6.89e-05   1.16e-02
   600  0.90            449,520   0.558   0.561      +0.029   6.30e-05   1.06e-02
   800  0.80            441,601   0.560   0.558      -0.010   8.55e-05   1.44e-02
   800  0.90            611,700   0.559   0.559      +0.006   7.75e-05   1.31e-02
  1300  0.80           761,1001   0.560   0.569      +0.037   3.22e-05   5.43e-03
  1300  0.90          1016,1150   0.568   0.569      +0.010   3.00e-05   5.07e-03

=== atom #4 (subcritical): h=196.8  feasibility floor T > h*(1/r^2-1): r=0.80 -> 111,  r=0.90 -> 46
     T     r        aug pts (m)      Q1      Q2 drift/efold  max|dc|/c  max|dg|/g
    40  0.80  infeasible (m<=0)
    40  0.90  infeasible (m<=0)
   100  0.80  infeasible (m<=0)
   100  0.90              44,70   0.632   0.545      -0.826   7.55e-03   2.60e-01
   200  0.80             57,121   0.545   0.462      -0.371   2.45e-03   1.15e-01
   200  0.90            125,160   0.472   0.449      -0.214   1.88e-03   9.27e-02
   400  0.80            185,281   0.432   0.410      -0.099   3.98e-04   2.51e-02
   400  0.90            287,340   0.413   0.407      -0.060   3.25e-04   2.07e-02
   600  0.80            313,441   0.407   0.399      -0.032   1.47e-04   1.01e-02
   600  0.90            449,520   0.399   0.399      +0.006   1.47e-04   1.01e-02
   800  0.80            441,601   0.399   0.393      -0.027   4.44e-05   3.06e-03
   800  0.90            611,700   0.394   0.394      +0.007   5.87e-05   4.15e-03
  1300  0.80           761,1001   0.391   0.392      +0.004   2.07e-05   1.45e-03
  1300  0.90          1016,1150   0.391   0.393      +0.014   2.56e-05   1.93e-03
